0
0.639345770624
1.9632545785
0.336693528372
0.00133938626645
0.9764653271
3.39761909692
3.33669763355
4.43389264418
4.01389729947
3.87632534946
4.59649443726
5.54120883312
5.39748587504
5.82005016753
6.39757787013
5.72909987247
5.58359196024
3.48655603835
4.86600833787
5.37283594621
4.78660998435
6.43028275066
5.36187401185
5.53649128473
4.25154133565
7.7947216226
7.5153915803
7.8650495704
8.85587683058
6.90358510866
6.85375171894
5.74774143412
5.51821079298
6.65474122115
5.35647251305
7.37994717624
7.34359520406
6.75014482775
6.69085327196
7.06725392477
9.14614362794
8.53784764201
8.51968557563
8.13956826156
7.36114782907
7.58151552718
9.97855141955
11.7054900448
11.1101194835
10.5865051466
9.78699490429
10.5121060046
9.68501826929
9.40433925687
9.9447288197
9.45929392905
10.8966040945
9.8239236421
9.90960480152
10.3187666169
10.1239674261
10.0182568704
9.24358402294
10.362816772
10.2321516001
10.1680584386
10.0906306368
9.98680415497
9.91638177106
9.86469675217
9.91865541537
9.94318822195
10.0834243938
10.127730933
10.2149180108
10.2887422553
10.4530738841
10.447901345
10.5387453793
10.703083453
10.585529887
10.5219596795
10.3782015772
10.3501470373
10.1409464274
10.1822269784
10.0700281422
9.96104069468
9.82463177946
9.84048485008
9.7925643759
9.64995709277
9.64348432552
9.84775954506
9.80057854233
10.0718217165
10.1522357091
10.1507215611
10.0847416136
9.92785787321
10.0697475348
10.1417843409
10.2445303891
10.3709491203
10.3780966006
10.4895350061
10.602027297
10.7106920218
10.7362928143
10.8484856585
10.9153671539
10.9877015217
11.1394267267
11.2255684989
11.2445667241
11.3542405597
11.4416823
11.5185330781
11.6446022389
11.7703567933
11.8099323332
11.6520040359
11.5144147667
11.4621804065
11.5646334006
11.4805893276
11.3868361947
11.3541536738
11.2746107313
11.290316241
11.0967743329
11.0114556345
10.9740318204
10.9243467577
10.6870624896
10.8405799671
10.813887492
10.6572210652
10.5966538083
10.4821460004
10.4051927976
10.2801666576
10.2366298568
10.1821797054
10.0496201555
9.90680848914
9.97647676786
9.81516086262
9.74126576516
9.68769185236
9.58675554363
9.53276033311
9.40247137571
9.28209987812
9.22878687632
9.13338488607
9.05004947824
8.93621700714
8.9011331754
8.77051828282
8.66237732699
8.77687129999
8.9043816615
8.74438788857
8.73822572633
8.78643967433
8.83821717745
8.9884599064
9.03364176178
9.10229287561
9.23243764681
9.32677716849
9.37120273529
9.47401129181
9.58858835014
9.65010481075
9.67604556174
9.78420210218
9.95077183191
9.94075537273
10.1031430005
10.1717177734
10.1732510754
10.3296633089
10.5299792955
10.5802706078
10.5661491926
10.6209340294
10.7657998145
10.8897015699
10.8779770046
10.7896011019
10.7271620144
10.6727462692
10.5512457588
10.4874510948
10.426097032
10.3639395279
10.2730426435
