0
-0.0517072504845
0.0254475900555
-0.0233392397385
0.0176573524923
-0.008601405573
-0.0244993379581
-0.0614853861142
-0.0168694055245
0.0047460409115
-0.0426979194648
-0.0888121355626
0.0215792611453
-0.0229262322174
-0.0576375945782
-0.01071494919
-0.0190343181976
-0.0210069692287
-0.0311946849725
-0.0333191604107
-0.0351021824927
-0.0329345429906
-0.00405877226138
0.00772347007885
-0.0421293046897
-0.0605320046321
-0.00626203418975
-0.0499314902437
0.0100398564569
-0.0191697741464
-0.0807650910349
-0.0650228058295
-0.0176506016119
0.00670593815535
0.019313697397
-0.0600816289433
-0.0419366590821
-0.0707625306284
0.0103067308071
-0.0382717757008
0.00256006046103
-0.018707853397
-0.0441988051801
-0.0580835472633
-0.0929754923012
-0.00901295944986
0.0099998427314
-0.0110798442678
0.0285208577537
-0.0502999591078
-0.04263360522
0.0251025303228
0.00621174883634
-0.00557564968469
-0.0225049703668
-0.0823357846931
0.000815553439138
-0.070121833253
0.0031635078235
-0.0194557192955
0.960997235031
1.09357283796
1.0433409755
1.01627265537
1.06343202663
1.68720233355
1.66754965561
2.3879916727
2.39021649931
2.30660957837
2.20988796533
1.03459105778
0.679811915614
0.679466573182
0.69239669031
-0.74963714865
-0.813883780326
-0.747976695081
-0.776609076453
-0.833045166681
-0.761589785972
-0.819057030338
-0.804728578095
-0.772541470619
-0.833023039498
-0.80934378491
-0.766498172759
-0.76732352195
-0.797356233069
-0.773713712295
-0.811397297798
-0.74029352865
-0.800353202012
-0.796003255383
-0.782713009759
-0.829589539757
-0.793166609289
-0.77659245026
-0.793193021116
-0.799961857605
-0.801342120647
-0.744581122891
-0.77345937711
-1.22565245416
-1.24647717239
-1.17982571687
-1.25444726615
-1.23958139232
-1.19261432146
-1.28104275246
0.912729424958
0.990992844887
1.89121460929
1.86513220542
1.9003872876
1.89536818859
1.870779653
1.88404567248
1.90594419041
1.92042567643
1.96262053097
1.95646266036
1.91202453199
2.75250532388
2.81939484054
4.77433281882
4.79539597771
2.11996067416
1.29089768891
1.33478532312
1.34913776244
1.48374357862
1.50097680048
1.5145668378
1.4831030911
1.48739158924
1.53013358132
3.1476073288
3.1545373789
3.19337318046
3.20535430765
3.15057705706
3.18134195601
3.14848251333
3.12507066408
3.45721751983
3.44971750487
3.23414504351
3.25662660364
3.55765008603
3.57614398405
3.66967830044
2.92604682295
2.48693392578
2.46594254663
2.4402515371
2.44339953035
2.43454798959
2.4265687338
2.46681962019
2.43287023859
2.42956446182
2.85383027987
3.22872378802
3.4958782114
3.46988216849
3.76557699029
4.10123998724
4.13559464566
4.12027873097
4.14010704383
4.12749085163
4.15167627778
4.13082397077
4.14586170175
4.13535796044
4.1649609526
4.13036891042
4.13526094589
4.12003334644
4.12282063243
4.13782323465
4.12424572229
4.15684269221
4.13938137004
4.1053860589
4.13711847035
4.11713905383
4.1518323144
4.15106098717
4.13281034843
4.14483139246
4.10132867334
4.13835416714
4.13054672678
4.15021177458
4.13257373959
4.12211282976
4.11957026008
4.11135976528
